# Instrument 1: Unnamed
Note #,Start (s),End (s),Duration (s),Pitch,Note Name,Velocity,Note-on Velocity,Note-off Velocity
1,0.0000,0.1800,0.1800,62,D4,127,127,0
2,0.1800,0.3600,0.1800,62,D4,127,127,0
3,0.4800,1.6800,1.2000,67,G4,127,127,0
4,1.6800,2.8800,1.2000,74,D5,127,127,0
5,2.8800,3.0600,0.1800,72,C5,127,127,0
6,3.0600,3.2400,0.1800,71,B4,127,127,0
7,3.2400,3.3600,0.1200,69,A4,127,127,0
8,3.3600,4.5600,1.2000,79,G5,127,127,0
9,4.5600,5.1600,0.6000,74,D5,127,127,0
10,5.1600,5.3400,0.1800,72,C5,127,127,0
11,5.3400,5.5200,0.1800,71,B4,127,127,0
12,5.5200,5.6400,0.1200,69,A4,127,127,0
13,5.6400,6.8400,1.2000,79,G5,127,127,0
14,6.8400,7.4400,0.6000,74,D5,127,127,0
15,7.4400,7.6200,0.1800,72,C5,127,127,0
16,7.6200,7.8000,0.1800,71,B4,127,127,0
17,7.8000,7.9800,0.1800,72,C5,127,127,0
18,7.9800,9.1800,1.2000,69,A4,127,127,0
19,9.1800,9.5400,0.3600,62,D4,127,127,0
20,9.5400,9.7200,0.1800,62,D4,127,127,0
21,9.7200,10.9200,1.2000,67,G4,127,127,0
22,10.9200,12.1200,1.2000,74,D5,127,127,0
23,12.1200,12.3000,0.1800,72,C5,127,127,0
24,12.3000,12.4800,0.1800,71,B4,127,127,0
25,12.4800,12.6000,0.1200,69,A4,127,127,0
26,12.6000,13.8000,1.2000,79,G5,127,127,0
27,13.8000,14.4000,0.6000,74,D5,127,127,0
28,14.4000,14.5800,0.1800,72,C5,127,127,0
29,14.5800,14.7600,0.1800,71,B4,127,127,0
30,14.7600,14.8800,0.1200,69,A4,127,127,0
31,14.8800,16.0800,1.2000,79,G5,127,127,0
32,16.0800,16.6800,0.6000,74,D5,127,127,0
33,16.6800,16.8600,0.1800,72,C5,127,127,0
34,16.8600,17.0400,0.1800,71,B4,127,127,0
35,17.0400,17.2200,0.1800,72,C5,127,127,0
36,17.2200,17.8200,0.6000,69,A4,127,127,0
37,17.8200,18.1800,0.3600,62,D4,127,127,0
38,18.1800,18.3600,0.1800,62,D4,127,127,0
39,18.3600,19.2600,0.9000,64,E4,127,127,0
40,19.2600,19.5600,0.3000,64,E4,127,127,0
41,19.5600,19.8600,0.3000,72,C5,127,127,0
42,19.8600,20.1600,0.3000,71,B4,127,127,0
43,20.1600,20.4600,0.3000,69,A4,127,127,0
44,20.4600,20.9400,0.4800,67,G4,127,127,0
45,20.9400,21.1200,0.1800,69,A4,127,127,0
46,21.1200,21.3000,0.1800,71,B4,127,127,0
47,21.3000,21.9000,0.6000,69,A4,127,127,0
48,21.9000,22.0200,0.1200,64,E4,127,127,0
49,22.0200,22.6200,0.6000,66,F#4,127,127,0
50,22.6200,22.9800,0.3600,62,D4,127,127,0
51,22.9800,23.1600,0.1800,62,D4,127,127,0
52,23.1600,24.0600,0.9000,64,E4,127,127,0
53,24.0600,24.3600,0.3000,64,E4,127,127,0
54,24.3600,24.6600,0.3000,72,C5,127,127,0
55,24.6600,24.9600,0.3000,71,B4,127,127,0
56,24.9600,25.2600,0.3000,69,A4,127,127,0
57,25.5600,25.9800,0.4200,74,D5,127,127,0
58,25.9800,27.3000,1.3200,69,A4,127,127,0
59,27.3000,27.6600,0.3600,62,D4,127,127,0
60,27.6600,27.8400,0.1800,62,D4,127,127,0
61,27.8400,28.7400,0.9000,64,E4,127,127,0
62,28.7400,29.0400,0.3000,64,E4,127,127,0
63,29.0400,29.3400,0.3000,72,C5,127,127,0
64,29.3400,29.6400,0.3000,71,B4,127,127,0
65,29.6400,29.9400,0.3000,69,A4,127,127,0
66,30.2400,30.4200,0.1800,67,G4,127,127,0
67,30.4200,30.6000,0.1800,69,A4,127,127,0
68,30.6000,30.7800,0.1800,71,B4,127,127,0
69,30.7800,31.1400,0.3600,69,A4,127,127,0
70,31.3200,31.9200,0.6000,66,F#4,127,127,0
71,31.9200,32.2800,0.3600,74,D5,127,127,0
72,32.2800,32.4600,0.1800,74,D5,127,127,0
73,32.4600,32.8200,0.3600,79,G5,127,127,0
74,32.8200,33.0000,0.1800,77,F5,127,127,0
75,33.0000,33.3600,0.3600,75,D#5,127,127,0
76,33.3600,33.5400,0.1800,74,D5,127,127,0
77,33.5400,33.9000,0.3600,72,C5,127,127,0
78,33.9000,34.0800,0.1800,70,A#4,127,127,0
79,34.0800,34.4400,0.3600,69,A4,127,127,0
80,34.4400,34.6200,0.1800,67,G4,127,127,0
81,34.6200,35.2200,0.6000,74,D5,127,127,0
82,35.2200,35.2800,0.0600,69,A4,127,127,0
83,35.2800,35.3400,0.0600,69,A4,127,127,0
84,35.3400,35.4000,0.0600,69,A4,127,127,0
85,35.4000,35.7000,0.3000,69,A4,127,127,0
86,36.2400,37.4400,1.2000,67,G4,127,127,0
87,37.4400,38.6400,1.2000,74,D5,127,127,0
88,38.6400,38.8200,0.1800,72,C5,127,127,0
89,38.8200,39.0000,0.1800,71,B4,127,127,0
90,39.0000,39.1200,0.1200,69,A4,127,127,0
91,39.1200,40.3200,1.2000,79,G5,127,127,0
92,40.3200,40.9200,0.6000,74,D5,127,127,0
93,40.9200,41.1000,0.1800,72,C5,127,127,0
94,41.1000,41.2800,0.1800,71,B4,127,127,0
95,41.2800,41.4000,0.1200,69,A4,127,127,0
96,41.4000,42.6000,1.2000,79,G5,127,127,0
97,42.6000,43.2000,0.6000,74,D5,127,127,0
98,43.2000,43.3800,0.1800,72,C5,127,127,0
99,43.3800,43.5600,0.1800,71,B4,127,127,0
100,43.5600,43.7400,0.1800,72,C5,127,127,0
101,43.7400,44.9400,1.2000,69,A4,127,127,0
102,44.9400,45.3000,0.3600,62,D4,127,127,0
103,45.3000,45.4800,0.1800,62,D4,127,127,0
104,45.4800,46.6800,1.2000,67,G4,127,127,0
105,46.6800,47.8800,1.2000,74,D5,127,127,0
106,47.8800,48.0600,0.1800,72,C5,127,127,0
107,48.0600,48.2400,0.1800,71,B4,127,127,0
108,48.2400,48.3600,0.1200,69,A4,127,127,0
109,48.3600,49.5600,1.2000,79,G5,127,127,0
110,49.5600,50.1600,0.6000,74,D5,127,127,0
111,50.1600,50.3400,0.1800,72,C5,127,127,0
112,50.3400,50.5200,0.1800,71,B4,127,127,0
113,50.5200,50.6400,0.1200,69,A4,127,127,0
114,50.6400,51.8400,1.2000,79,G5,127,127,0
115,51.8400,52.4400,0.6000,74,D5,127,127,0
116,52.4400,52.6200,0.1800,72,C5,127,127,0
117,52.6200,52.8000,0.1800,71,B4,127,127,0
118,52.8000,52.9800,0.1800,72,C5,127,127,0
119,52.9800,54.1800,1.2000,69,A4,127,127,0
120,54.1800,54.7800,0.6000,74,D5,127,127,0
121,55.0800,61.0800,6.0000,79,G5,127,127,0
122,61.0800,61.1400,0.0600,79,G5,127,127,0
123,61.1400,61.2000,0.0600,79,G5,127,127,0
124,61.2000,61.2600,0.0600,79,G5,127,127,0
125,61.2600,61.3800,0.1200,79,G5,127,127,0

# Instrument 2: Unnamed
Note #,Start (s),End (s),Duration (s),Pitch,Note Name,Velocity,Note-on Velocity,Note-off Velocity
1,0.4800,1.6800,1.2000,62,D4,127,127,0
2,1.6800,2.8800,1.2000,71,B4,127,127,0
3,2.8800,3.3600,0.4800,67,G4,127,127,0
4,3.3600,4.5600,1.2000,74,D5,127,127,0
5,4.5600,5.1600,0.6000,71,B4,127,127,0
6,5.1600,5.6400,0.4800,67,G4,127,127,0
7,5.6400,6.8400,1.2000,74,D5,127,127,0
8,6.8400,7.4400,0.6000,71,B4,127,127,0
9,7.4400,7.9800,0.5400,69,A4,127,127,0
10,7.9800,9.1800,1.2000,66,F#4,127,127,0
11,9.7200,10.9200,1.2000,62,D4,127,127,0
12,10.9200,12.1200,1.2000,71,B4,127,127,0
13,12.1200,12.6000,0.4800,67,G4,127,127,0
14,12.6000,13.8000,1.2000,74,D5,127,127,0
15,13.8000,14.4000,0.6000,71,B4,127,127,0
16,14.4000,14.8800,0.4800,67,G4,127,127,0
17,14.8800,16.0800,1.2000,74,D5,127,127,0
18,16.0800,16.6800,0.6000,71,B4,127,127,0
19,16.6800,17.2200,0.5400,69,A4,127,127,0
20,17.2200,17.8200,0.6000,66,F#4,127,127,0
21,18.3600,19.2600,0.9000,60,C4,127,127,0
22,19.5600,20.7600,1.2000,67,G4,127,127,0
23,20.7600,21.3000,0.5400,64,E4,127,127,0
24,22.0200,22.6200,0.6000,62,D4,127,127,0
25,23.1600,24.0600,0.9000,60,C4,127,127,0
26,24.0600,24.3600,0.3000,60,C4,127,127,0
27,24.3600,25.5600,1.2000,67,G4,127,127,0
28,25.5600,25.9800,0.4200,70,A#4,127,127,0
29,26.1000,27.3000,1.2000,66,F#4,127,127,0
30,27.8400,28.7400,0.9000,60,C4,127,127,0
31,29.0400,30.2400,1.2000,67,G4,127,127,0
32,30.2400,31.3200,1.0800,64,E4,127,127,0
33,32.4600,32.8200,0.3600,75,D#5,127,127,0
34,32.8200,33.3600,0.5400,72,C5,127,127,0
35,35.2200,35.2800,0.0600,66,F#4,127,127,0
36,35.2800,35.3400,0.0600,66,F#4,127,127,0
37,35.3400,35.4000,0.0600,66,F#4,127,127,0
38,35.4000,35.7000,0.3000,66,F#4,127,127,0
39,36.2400,37.4400,1.2000,62,D4,127,127,0
40,37.4400,38.6400,1.2000,71,B4,127,127,0
41,38.6400,39.1200,0.4800,67,G4,127,127,0
42,39.1200,40.3200,1.2000,74,D5,127,127,0
43,40.3200,40.9200,0.6000,71,B4,127,127,0
44,40.9200,41.4000,0.4800,67,G4,127,127,0
45,41.4000,42.6000,1.2000,74,D5,127,127,0
46,42.6000,43.2000,0.6000,71,B4,127,127,0
47,43.2000,43.7400,0.5400,69,A4,127,127,0
48,43.7400,44.9400,1.2000,66,F#4,127,127,0
49,45.4800,46.6800,1.2000,62,D4,127,127,0
50,46.6800,47.8800,1.2000,71,B4,127,127,0
51,47.8800,48.3600,0.4800,67,G4,127,127,0
52,48.3600,49.5600,1.2000,74,D5,127,127,0
53,49.5600,50.1600,0.6000,71,B4,127,127,0
54,50.1600,50.6400,0.4800,67,G4,127,127,0
55,50.6400,51.8400,1.2000,74,D5,127,127,0
56,51.8400,52.4400,0.6000,71,B4,127,127,0
57,52.4400,52.9800,0.5400,69,A4,127,127,0
58,52.9800,54.1800,1.2000,66,F#4,127,127,0
59,54.1800,54.7800,0.6000,62,D4,127,127,0
60,55.0800,61.0800,6.0000,74,D5,127,127,0
61,61.0800,61.1400,0.0600,74,D5,127,127,0
62,61.1400,61.2000,0.0600,74,D5,127,127,0
63,61.2000,61.2600,0.0600,74,D5,127,127,0
64,61.2600,61.3800,0.1200,74,D5,127,127,0

# Instrument 3: Unnamed
Note #,Start (s),End (s),Duration (s),Pitch,Note Name,Velocity,Note-on Velocity,Note-off Velocity
1,0.4800,1.6800,1.2000,59,B3,127,127,0
2,1.6800,2.8800,1.2000,67,G4,127,127,0
3,2.8800,3.3600,0.4800,64,E4,127,127,0
4,3.3600,4.5600,1.2000,71,B4,127,127,0
5,4.5600,5.1600,0.6000,67,G4,127,127,0
6,5.1600,5.6400,0.4800,64,E4,127,127,0
7,5.6400,6.8400,1.2000,71,B4,127,127,0
8,6.8400,7.4400,0.6000,67,G4,127,127,0
9,7.4400,7.9800,0.5400,65,F4,127,127,0
10,7.9800,9.1800,1.2000,62,D4,127,127,0
11,9.7200,10.9200,1.2000,59,B3,127,127,0
12,10.9200,12.1200,1.2000,67,G4,127,127,0
13,12.1200,12.6000,0.4800,64,E4,127,127,0
14,12.6000,13.8000,1.2000,71,B4,127,127,0
15,13.8000,14.4000,0.6000,67,G4,127,127,0
16,14.4000,14.8800,0.4800,64,E4,127,127,0
17,14.8800,16.0800,1.2000,71,B4,127,127,0
18,16.0800,16.6800,0.6000,67,G4,127,127,0
19,16.6800,17.2200,0.5400,65,F4,127,127,0
20,17.2200,17.8200,0.6000,62,D4,127,127,0
21,18.3600,19.2600,0.9000,55,G3,127,127,0
22,19.5600,20.7600,1.2000,64,E4,127,127,0
23,22.0200,22.6200,0.6000,57,A3,127,127,0
24,23.1600,24.0600,0.9000,55,G3,127,127,0
25,24.0600,24.3600,0.3000,55,G3,127,127,0
26,24.3600,25.5600,1.2000,60,C4,127,127,0
27,25.5600,25.9800,0.4200,65,F4,127,127,0
28,26.1000,27.3000,1.2000,62,D4,127,127,0
29,27.8400,28.7400,0.9000,55,G3,127,127,0
30,29.0400,30.2400,1.2000,64,E4,127,127,0
31,30.2400,31.1400,0.9000,60,C4,127,127,0
32,32.4600,32.8200,0.3600,72,C5,127,127,0
33,32.8200,33.9000,1.0800,67,G4,127,127,0
34,35.2200,35.2800,0.0600,60,C4,127,127,0
35,35.2800,35.3400,0.0600,60,C4,127,127,0
36,35.3400,35.4000,0.0600,60,C4,127,127,0
37,35.4000,35.7000,0.3000,60,C4,127,127,0
38,35.7000,35.8800,0.1800,62,D4,127,127,0
39,35.8800,36.0600,0.1800,62,D4,127,127,0
40,36.0600,36.2400,0.1800,62,D4,127,127,0
41,36.2400,37.4400,1.2000,59,B3,127,127,0
42,37.4400,38.6400,1.2000,67,G4,127,127,0
43,38.6400,39.1200,0.4800,64,E4,127,127,0
44,39.1200,40.3200,1.2000,71,B4,127,127,0
45,40.3200,40.9200,0.6000,67,G4,127,127,0
46,40.9200,41.4000,0.4800,64,E4,127,127,0
47,41.4000,42.6000,1.2000,71,B4,127,127,0
48,42.6000,43.2000,0.6000,67,G4,127,127,0
49,43.2000,43.7400,0.5400,65,F4,127,127,0
50,43.7400,44.9400,1.2000,62,D4,127,127,0
51,45.4800,46.6800,1.2000,59,B3,127,127,0
52,46.6800,47.8800,1.2000,67,G4,127,127,0
53,47.8800,48.3600,0.4800,64,E4,127,127,0
54,48.3600,49.5600,1.2000,71,B4,127,127,0
55,49.5600,50.1600,0.6000,67,G4,127,127,0
56,50.1600,50.6400,0.4800,64,E4,127,127,0
57,50.6400,51.8400,1.2000,71,B4,127,127,0
58,51.8400,52.4400,0.6000,67,G4,127,127,0
59,52.4400,52.9800,0.5400,65,F4,127,127,0
60,52.9800,54.1800,1.2000,62,D4,127,127,0
61,54.1800,54.7800,0.6000,50,D3,127,127,0
62,55.0800,61.0800,6.0000,71,B4,127,127,0
63,61.0800,61.1400,0.0600,71,B4,127,127,0
64,61.1400,61.2000,0.0600,71,B4,127,127,0
65,61.2000,61.2600,0.0600,71,B4,127,127,0
66,61.2600,61.3800,0.1200,71,B4,127,127,0

# Instrument 4: Unnamed
Note #,Start (s),End (s),Duration (s),Pitch,Note Name,Velocity,Note-on Velocity,Note-off Velocity
1,0.4800,1.0800,0.6000,55,G3,127,127,0
2,1.0800,1.6800,0.6000,54,F#3,127,127,0
3,1.6800,2.2800,0.6000,52,E3,127,127,0
4,2.2800,2.8800,0.6000,50,D3,127,127,0
5,2.8800,3.3600,0.4800,48,C3,127,127,0
6,3.3600,3.9600,0.6000,59,B3,127,127,0
7,3.9600,4.5600,0.6000,57,A3,127,127,0
8,4.5600,5.1600,0.6000,55,G3,127,127,0
9,5.1600,5.6400,0.4800,48,C3,127,127,0
10,5.6400,6.2400,0.6000,59,B3,127,127,0
11,6.2400,6.8400,0.6000,57,A3,127,127,0
12,6.8400,7.4400,0.6000,55,G3,127,127,0
13,7.4400,7.9800,0.5400,53,F3,127,127,0
14,7.9800,9.1800,1.2000,50,D3,127,127,0
15,9.7200,10.3200,0.6000,55,G3,127,127,0
16,10.3200,10.9200,0.6000,54,F#3,127,127,0
17,10.9200,11.5200,0.6000,52,E3,127,127,0
18,11.5200,12.1200,0.6000,50,D3,127,127,0
19,12.1200,12.6000,0.4800,48,C3,127,127,0
20,12.6000,13.2000,0.6000,59,B3,127,127,0
21,13.2000,13.8000,0.6000,57,A3,127,127,0
22,13.8000,14.4000,0.6000,55,G3,127,127,0
23,14.4000,14.8800,0.4800,48,C3,127,127,0
24,14.8800,15.4800,0.6000,59,B3,127,127,0
25,15.4800,16.0800,0.6000,57,A3,127,127,0
26,16.0800,16.6800,0.6000,55,G3,127,127,0
27,16.6800,17.2200,0.5400,53,F3,127,127,0
28,17.2200,17.8200,0.6000,50,D3,127,127,0
29,19.2600,22.6200,3.3600,50,D3,127,127,0
30,23.1600,24.0600,0.9000,50,D3,127,127,0
31,24.0600,25.5600,1.5000,50,D3,127,127,0
32,25.5600,25.9800,0.4200,58,A#3,127,127,0
33,26.1000,27.3000,1.2000,50,D3,127,127,0
34,28.7400,29.0400,0.3000,50,D3,127,127,0
35,29.6400,29.9400,0.3000,50,D3,127,127,0
36,30.2400,30.4200,0.1800,50,D3,127,127,0
37,30.7800,31.1400,0.3600,50,D3,127,127,0
38,31.9200,32.2800,0.3600,50,D3,127,127,0
39,32.4600,32.8200,0.3600,67,G4,127,127,0
40,32.8200,33.0000,0.1800,59,B3,127,127,0
41,33.0000,33.3600,0.3600,48,C3,127,127,0
42,33.3600,33.5400,0.1800,50,D3,127,127,0
43,33.5400,33.9000,0.3600,51,D#3,127,127,0
44,33.9000,34.0800,0.1800,53,F3,127,127,0
45,34.0800,34.4400,0.3600,55,G3,127,127,0
46,34.4400,34.6200,0.1800,57,A3,127,127,0
47,35.2200,35.2800,0.0600,50,D3,127,127,0
48,35.2800,35.3400,0.0600,50,D3,127,127,0
49,35.3400,35.4000,0.0600,50,D3,127,127,0
50,35.4000,35.7000,0.3000,50,D3,127,127,0
51,36.2400,36.8400,0.6000,55,G3,127,127,0
52,36.8400,37.4400,0.6000,54,F#3,127,127,0
53,37.4400,38.0400,0.6000,52,E3,127,127,0
54,38.0400,38.6400,0.6000,50,D3,127,127,0
55,38.6400,39.1200,0.4800,48,C3,127,127,0
56,39.1200,39.7200,0.6000,59,B3,127,127,0
57,39.7200,40.3200,0.6000,57,A3,127,127,0
58,40.3200,40.9200,0.6000,55,G3,127,127,0
59,40.9200,41.4000,0.4800,48,C3,127,127,0
60,41.4000,42.0000,0.6000,59,B3,127,127,0
61,42.0000,42.6000,0.6000,57,A3,127,127,0
62,42.6000,43.2000,0.6000,55,G3,127,127,0
63,43.2000,43.7400,0.5400,53,F3,127,127,0
64,43.7400,44.9400,1.2000,50,D3,127,127,0
65,45.4800,46.0800,0.6000,55,G3,127,127,0
66,46.0800,46.6800,0.6000,54,F#3,127,127,0
67,46.6800,47.2800,0.6000,52,E3,127,127,0
68,47.2800,47.8800,0.6000,50,D3,127,127,0
69,47.8800,48.3600,0.4800,48,C3,127,127,0
70,48.3600,48.9600,0.6000,59,B3,127,127,0
71,48.9600,49.5600,0.6000,57,A3,127,127,0
72,49.5600,50.1600,0.6000,55,G3,127,127,0
73,50.1600,50.6400,0.4800,48,C3,127,127,0
74,50.6400,51.2400,0.6000,59,B3,127,127,0
75,51.2400,51.8400,0.6000,57,A3,127,127,0
76,51.8400,52.4400,0.6000,55,G3,127,127,0
77,52.4400,52.9800,0.5400,53,F3,127,127,0
78,52.9800,54.1800,1.2000,50,D3,127,127,0
79,54.7800,55.0800,0.3000,50,D3,127,127,0
80,55.0800,55.6800,0.6000,55,G3,127,127,0
81,55.6800,56.2800,0.6000,54,F#3,127,127,0
82,56.2800,56.8800,0.6000,52,E3,127,127,0
83,56.8800,57.4800,0.6000,50,D3,127,127,0
84,57.4800,58.0800,0.6000,48,C3,127,127,0
85,58.0800,58.6800,0.6000,50,D3,127,127,0
86,58.6800,59.2800,0.6000,52,E3,127,127,0
87,59.2800,59.8800,0.6000,54,F#3,127,127,0
88,59.8800,61.0800,1.2000,55,G3,127,127,0
89,61.0800,61.1400,0.0600,55,G3,127,127,0
90,61.1400,61.2000,0.0600,55,G3,127,127,0
91,61.2000,61.2600,0.0600,55,G3,127,127,0
92,61.2600,61.3800,0.1200,55,G3,127,127,0

